#Sampled points
0 0 1
0.0634665 0.0634239 0.997987
0.126933 0.126592 0.991955
0.1904 0.189251 0.981929
0.253866 0.251148 0.967949
0.317333 0.312033 0.950071
0.380799 0.371662 0.928368
0.444266 0.429795 0.902927
0.507732 0.486197 0.873849
0.571199 0.540641 0.841254
0.634665 0.592908 0.80527
0.698132 0.642788 0.766044
0.761598 0.690079 0.723734
0.825065 0.734592 0.678509
0.888531 0.776146 0.630553
0.951998 0.814576 0.580057
1.01546 0.849725 0.527225
1.07893 0.881453 0.472271
1.1424 0.909632 0.415415
1.20586 0.934148 0.356886
1.26933 0.954902 0.29692
1.3328 0.971812 0.235759
1.39626 0.984808 0.173648
1.45973 0.993838 0.110838
1.5232 0.998867 0.0475819
1.58666 0.999874 -0.015866
1.65013 0.996855 -0.07925
1.7136 0.989821 -0.142315
1.77706 0.978802 -0.204807
1.84053 0.963842 -0.266474
1.904 0.945001 -0.327068
1.96746 0.922354 -0.386345
2.03093 0.895994 -0.444067
2.0944 0.866025 -0.5
2.15786 0.83257 -0.55392
2.22133 0.795762 -0.60561
2.28479 0.75575 -0.654861
2.34826 0.712694 -0.701475
2.41173 0.666769 -0.745264
2.47519 0.618159 -0.786053
2.53866 0.56706 -0.823677
2.60213 0.513677 -0.857983
2.66559 0.458227 -0.888835
2.72906 0.400931 -0.916108
2.79253 0.34202 -0.939693
2.85599 0.281733 -0.959493
2.91946 0.220311 -0.97543
2.98293 0.158001 -0.987439
3.04639 0.095056 -0.995472
3.10986 0.0317279 -0.999497
3.17333 -0.0317279 -0.999497
3.23679 -0.095056 -0.995472
3.30026 -0.158001 -0.987439
3.36373 -0.220311 -0.97543
3.42719 -0.281733 -0.959493
3.49066 -0.34202 -0.939693
3.55413 -0.400931 -0.916108
3.61759 -0.458227 -0.888835
3.68106 -0.513677 -0.857983
3.74452 -0.56706 -0.823677
3.80799 -0.618159 -0.786053
3.87146 -0.666769 -0.745264
3.93492 -0.712694 -0.701475
3.99839 -0.75575 -0.654861
4.06186 -0.795762 -0.60561
4.12532 -0.83257 -0.55392
4.18879 -0.866025 -0.5
4.25226 -0.895994 -0.444067
4.31572 -0.922354 -0.386345
4.37919 -0.945001 -0.327068
4.44266 -0.963842 -0.266474
4.50612 -0.978802 -0.204807
4.56959 -0.989821 -0.142315
4.63306 -0.996855 -0.07925
4.69652 -0.999874 -0.015866
4.75999 -0.998867 0.0475819
4.82346 -0.993838 0.110838
4.88692 -0.984808 0.173648
4.95039 -0.971812 0.235759
5.01385 -0.954902 0.29692
5.07732 -0.934148 0.356886
5.14079 -0.909632 0.415415
5.20425 -0.881453 0.472271
5.26772 -0.849725 0.527225
5.33119 -0.814576 0.580057
5.39465 -0.776146 0.630553
5.45812 -0.734592 0.678509
5.52159 -0.690079 0.723734
5.58505 -0.642788 0.766044
5.64852 -0.592908 0.80527
5.71199 -0.540641 0.841254
5.77545 -0.486197 0.873849
5.83892 -0.429795 0.902927
5.90239 -0.371662 0.928368
5.96585 -0.312033 0.950071
6.02932 -0.251148 0.967949
6.09279 -0.189251 0.981929
6.15625 -0.126592 0.991955
6.21972 -0.0634239 0.997987
6.28319 -2.44929e-16 1


#Spline points
0 0
0.125 0.124619
0.25 0.247356
0.375 0.366233
0.5 0.479393
0.625 0.585071
0.75 0.681619
0.875 0.767529
1 0.841461
1.125 0.902261
1.25 0.948981
1.375 0.980891
1.5 0.997495
1.625 0.998532
1.75 0.983988
1.875 0.954088
2 0.909299
2.125 0.850322
2.25 0.778075
2.375 0.693687
2.5 0.598473
2.625 0.493921
2.75 0.381662
2.875 0.263446
3 0.14112
3.125 0.0165921
3.25 -0.108195
3.375 -0.231294
3.5 -0.350783
3.625 -0.464799
3.75 -0.571561
3.875 -0.669405
4 -0.756802
4.125 -0.832357
4.25 -0.894966
4.375 -0.943608
4.5 -0.977523
4.625 -0.996182
4.75 -0.999295
4.875 -0.986814
5 -0.958932
5.125 -0.916086
5.25 -0.858944
5.375 -0.788398
5.5 -0.705549
5.625 -0.61169
5.75 -0.508286
5.875 -0.396951
6 -0.279421
6.125 -0.157531
6.25 -0.0331792


#Spline derivative points
0 1
0.125 0.997987
0.25 0.981929
0.375 0.950071
0.5 0.902927
0.625 0.841254
0.75 0.766044
0.875 0.678509
1 0.580057
1.125 0.472271
1.25 0.356886
1.375 0.235759
1.5 0.110838
1.625 -0.015866
1.75 -0.142315
1.875 -0.266474
2 -0.386345
2.125 -0.5
2.25 -0.60561
2.375 -0.701475
2.5 -0.786053
2.625 -0.857983
2.75 -0.916108
2.875 -0.959493
3 -0.987439
3.125 -0.999497
3.25 -0.995472
3.375 -0.97543
3.5 -0.939693
3.625 -0.888835
3.75 -0.823677
3.875 -0.745264
4 -0.654861
4.125 -0.60561
4.25 -0.5
4.375 -0.386345
4.5 -0.266474
4.625 -0.142315
4.75 -0.015866
4.875 0.110838
5 0.235759
5.125 0.356886
5.25 0.472271
5.375 0.580057
5.5 0.678509
5.625 0.766044
5.75 0.841254
5.875 0.902927
6 0.950071
6.125 0.981929
6.25 0.997987


#Spline second derivative points
0 -0.0316119
0.125 -0.150496
0.25 -0.267459
0.375 -0.380926
0.5 -0.489234
0.625 -0.590765
0.75 -0.683975
0.875 -0.767417
1 -0.839762
1.125 -0.899831
1.25 -0.946607
1.375 -0.979261
1.5 -0.997167
1.625 -0.999916
1.75 -0.98733
1.875 -0.959467
2 -0.916627
2.125 -0.85935
2.25 -0.788416
2.375 -0.704834
2.5 -0.609831
2.625 -0.504837
2.75 -0.391466
2.875 -0.271489
3 -0.146811
3.125 -0.0194392
3.25 0.108546
3.375 0.235029
3.5 0.357891
3.625 0.475047
3.75 0.584483
3.875 0.684292
4 0.772708
4.125 0.848885
4.25 0.9057
4.375 0.949759
4.5 0.980316
4.625 0.996802
4.75 0.998847
4.875 0.986286
5 0.959165
5.125 0.917749
5.25 0.862524
5.375 0.79419
5.5 0.71366
5.625 0.622047
5.75 0.520655
5.875 0.410958
6 0.294584
6.125 0.173291
6.25 0.033178
