#Circular motion
0 1
0.125 1.00012
0.369947 1.00036
0.742924 1.00069
1.22797 1.00096
1.79925 1.00098
2.43096 1.0006
3.10141 0.999898
3.79382 0.999186
4.49592 0.998868
5.19918 0.999158
5.89803 0.999928
6.58906 1.00077
7.27036 1.00125
7.94103 1.00111
8.60078 1.00042
9.24974 0.999517
9.88826 0.998805
10.5169 0.998599
11.1362 0.998984
11.7468 0.999795
12.3495 1.00071
12.9448 1.00136
13.5331 1.00151
14.1148 1.00111
14.6904 1.00029
15.26 0.999364
15.824 0.998639
16.3827 0.998363
16.9362 0.998627
17.485 0.999341
18.0292 1.00028
18.5693 1.00114
19.1053 1.00166
19.6374 1.00168
20.1657 1.0012
20.6904 1.00036
21.2115 0.9994
21.7291 0.998605
22.2433 0.998195
22.7541 0.998285
23.2619 0.998848
23.7667 0.999731
24.2686 1.0007
24.7678 1.00149
25 1.00172


#Elliptical motion
0 1
0.0141793 0.99291
0.0276515 0.986176
0.0406903 0.97966
0.0534564 0.973284
0.0660463 0.967
0.0785186 0.96078
0.0909096 0.954607
0.103241 0.94847
0.115528 0.942363
0.127778 0.936283
0.139996 0.930228
0.152187 0.924198
0.164351 0.918192
0.176491 0.912209
0.188607 0.906252
0.200699 0.90032
0.212768 0.894414
0.224814 0.888535
0.236837 0.882683
0.248836 0.876859
0.260813 0.871064
0.272767 0.865298
0.284697 0.859563
0.296605 0.853859
0.308489 0.848187
0.32035 0.842547
0.332188 0.83694
0.344003 0.831367
0.355794 0.825828
0.367562 0.820325
0.379307 0.814857
0.391029 0.809426
0.402727 0.804031
0.414402 0.798674
0.426054 0.793355
0.437682 0.788075
0.449287 0.782833
0.460868 0.777632
0.472426 0.772471
0.483961 0.76735
0.495472 0.762271
0.50696 0.757234
0.518425 0.752238
0.529866 0.747285
0.541284 0.742376
0.552679 0.73751
0.56405 0.732687
0.575399 0.72791
0.586724 0.723176
0.598025 0.718488
0.609304 0.713846
0.62056 0.709249
0.631792 0.704698
0.643002 0.700194
0.654188 0.695736
0.665352 0.691326
0.676492 0.686963
0.68761 0.682648
0.698705 0.67838
0.709778 0.674161
0.720828 0.66999
0.731855 0.665868
0.74286 0.661795
0.753843 0.657771
0.764803 0.653796
0.775741 0.649871
0.786657 0.645995
0.797551 0.64217
0.808423 0.638394
0.819273 0.634669
0.830101 0.630994
0.840908 0.627369
0.851694 0.623795
0.862458 0.620272
0.873201 0.616799
0.883922 0.613378
0.894623 0.610007
0.905303 0.606687
0.915962 0.603419
0.926601 0.600202
0.937219 0.597036
0.947817 0.593922
0.958395 0.590859
0.968953 0.587847
0.979491 0.584887
0.990009 0.581978
1.00051 0.579121
1.01099 0.576315
1.02145 0.573561
1.03189 0.570858
1.04231 0.568207
1.05272 0.565608
1.06311 0.563059
1.07347 0.560562
1.08383 0.558117
1.09416 0.555723
1.10447 0.55338
1.11477 0.551089
1.12506 0.548849
1.13532 0.54666
1.14557 0.544522
1.1558 0.542436
1.16602 0.5404
1.17622 0.538415
1.18641 0.536482
1.19658 0.534599
1.20673 0.532767
1.21687 0.530985
1.227 0.529254
1.23711 0.527574
1.24721 0.525945
1.2573 0.524365
1.26737 0.522836
1.27743 0.521358
1.28748 0.519929
1.29752 0.518551
1.30754 0.517222
1.31755 0.515944
1.32756 0.514715
1.33755 0.513536
1.34753 0.512407
1.3575 0.511328
1.36746 0.510298
1.37741 0.509317
1.38736 0.508386
1.39729 0.507504
1.40722 0.506672
1.41714 0.505889
1.42705 0.505155
1.43696 0.50447
1.44685 0.503834
1.45675 0.503246
1.46663 0.502708
1.47651 0.502219
1.48639 0.501779
1.49626 0.501387
1.50613 0.501044
1.51599 0.50075
1.52586 0.500504
1.53571 0.500307
1.54557 0.500159
1.55542 0.500059
1.56527 0.500007
1.57512 0.500005
1.58497 0.50005
1.59482 0.500145
1.60467 0.500287
1.61453 0.500479
1.62438 0.500718
1.63423 0.501007
1.64408 0.501343
1.65394 0.501728
1.6638 0.502162
1.67366 0.502645
1.68353 0.503176
1.6934 0.503755
1.70327 0.504383
1.71315 0.50506
1.72304 0.505785
1.73293 0.50656
1.74282 0.507383
1.75272 0.508255
1.76263 0.509175
1.77255 0.510145
1.78247 0.511163
1.7924 0.512231
1.80234 0.513347
1.81229 0.514513
1.82225 0.515728
1.83221 0.516992
1.84219 0.518305
1.85217 0.519668
1.86217 0.52108
1.87218 0.522542
1.8822 0.524053
1.89223 0.525613
1.90227 0.527224
1.91232 0.528884
1.92239 0.530594
1.93247 0.532353
1.94256 0.534163
1.95267 0.536022
1.96278 0.537932
1.97292 0.539891
1.98307 0.541901
1.99323 0.54396
2.0034 0.54607
2.0136 0.54823
2.0238 0.550441
2.03403 0.552702
2.04426 0.555013
2.05452 0.557374
2.06479 0.559787
2.07508 0.562249
2.08538 0.564762
2.09571 0.567325
2.10605 0.569939
2.1164 0.572604
2.12678 0.575319
2.13717 0.578085
2.14758 0.580901
2.15801 0.583767
2.16846 0.586684
2.17892 0.589652
2.18941 0.59267
2.19991 0.595738
2.21044 0.598857
2.22098 0.602026
2.23154 0.605246
2.24213 0.608516
2.25273 0.611835
2.26335 0.615205
2.27399 0.618625
2.28466 0.622095
2.29534 0.625614
2.30605 0.629183
2.31677 0.632802
2.32752 0.63647
2.33829 0.640188
2.34907 0.643954
2.35988 0.64777
2.37072 0.651634
2.38157 0.655547
2.39244 0.659509
2.40334 0.663519
2.41426 0.667577
2.4252 0.671683
2.43616 0.675837
2.44715 0.680038
2.45815 0.684286
2.46918 0.688581
2.48023 0.692923
2.49131 0.697312
2.5024 0.701746
2.51352 0.706227
2.52466 0.710752
2.53583 0.715324
2.54701 0.71994
2.55822 0.7246
2.56945 0.729305
2.58071 0.734053
2.59199 0.738845
2.60329 0.743681
2.61461 0.748558
2.62596 0.753478
2.63733 0.75844
2.64872 0.763443
2.66014 0.768488
2.67158 0.773572
2.68304 0.778697
2.69452 0.783861
2.70603 0.789064
2.71756 0.794306
2.72912 0.799585
2.7407 0.804903
2.7523 0.810256
2.76392 0.815647
2.77557 0.821073
2.78724 0.826534
2.79893 0.832029
2.81065 0.837559
2.82239 0.843122
2.83415 0.848717
2.84594 0.854345
2.85775 0.860003
2.86958 0.865693
2.88144 0.871412
2.89332 0.87716
2.90522 0.882937
2.91714 0.888742
2.92909 0.894574
2.94106 0.900431
2.95305 0.906315
2.96507 0.912223
2.9771 0.918155
2.98916 0.92411
3.00125 0.930087
3.01335 0.936085
3.02548 0.942104
3.03763 0.948143
3.0498 0.954201
3.062 0.960276
3.07422 0.966369
3.08646 0.972477
3.09872 0.978601
3.111 0.984738
3.12331 0.99089
3.13564 0.997053
3.14798 1.00323
3.16036 1.00941
3.17275 1.01561
3.18516 1.02181
3.1976 1.02802
3.21005 1.03424
3.22253 1.04046
3.23503 1.04668
3.24755 1.05291
3.26009 1.05914
3.27266 1.06538
3.28524 1.07161
3.29784 1.07784
3.31047 1.08407
3.32311 1.09029
3.33577 1.09652
3.34846 1.10273
3.36116 1.10894
3.37389 1.11514
3.38663 1.12133
3.3994 1.12751
3.41218 1.13368
3.42499 1.13984
3.43781 1.14599
3.45065 1.15211
3.46351 1.15823
3.47639 1.16432
3.48929 1.1704
3.50221 1.17646
3.51514 1.1825
3.5281 1.18851
3.54107 1.1945
3.55406 1.20047
3.56707 1.20641
3.5801 1.21233
3.59314 1.21821
3.6062 1.22407
3.61928 1.2299
3.63238 1.23569
3.64549 1.24146
3.65862 1.24718
3.67177 1.25288
3.68493 1.25853
3.69811 1.26415
3.71131 1.26973
3.72452 1.27527
3.73775 1.28076
3.75099 1.28622
3.76425 1.29163
3.77752 1.297
3.79081 1.30232
3.80412 1.30759
3.81744 1.31281
3.83077 1.31798
3.84412 1.32311
3.85748 1.32818
3.87086 1.33319
3.88425 1.33816
3.89766 1.34306
3.91107 1.34791
3.92451 1.3527
3.93795 1.35744
3.95141 1.36211
3.96488 1.36672
3.97836 1.37127
3.99186 1.37576
4.00537 1.38018
4.01889 1.38453
4.03242 1.38882
4.04596 1.39305
4.05952 1.3972
4.07308 1.40128
4.08666 1.40529
4.10025 1.40924
4.11384 1.4131
4.12745 1.4169
4.14107 1.42062
4.1547 1.42426
4.16834 1.42783
4.18198 1.43133
4.19564 1.43474
4.20931 1.43807
4.22298 1.44133
4.23667 1.4445
4.25036 1.4476
4.26406 1.45061
4.27777 1.45354
4.29148 1.45638
4.30521 1.45914
4.31894 1.46181
4.33267 1.4644
4.34642 1.46691
4.36017 1.46932
4.37393 1.47165
4.38769 1.47389
4.40146 1.47604
4.41524 1.4781
4.42902 1.48007
4.44281 1.48195
4.4566 1.48374
4.47039 1.48544
4.48419 1.48705
4.498 1.48856
4.51181 1.48999
4.52562 1.49132
4.53944 1.49255
4.55326 1.49369
4.56708 1.49474
4.58091 1.49569
4.59474 1.49655
4.60857 1.49731
4.62241 1.49798
4.63624 1.49856
4.65008 1.49903
4.66392 1.49942
4.67776 1.4997
4.6916 1.49989
4.70545 1.49999
4.71929 1.49999
4.73313 1.49989
4.74698 1.4997
4.76082 1.49941
4.77467 1.49903
4.78851 1.49855
4.80235 1.49797
4.81619 1.4973
4.83003 1.49654
4.84387 1.49568
4.85771 1.49472
4.87154 1.49367
4.88538 1.49253
4.89921 1.49129
4.91304 1.48996
4.92686 1.48853
4.94068 1.48701
4.9545 1.4854
4.96831 1.4837
4.98213 1.48191
4.99593 1.48002
5.00973 1.47804
5.02353 1.47597
5.03733 1.47382
5.05111 1.47157
5.0649 1.46923
5.07867 1.46681
5.09245 1.4643
5.10621 1.4617
5.11997 1.45902
5.13372 1.45625
5.14747 1.45339
5.16121 1.45045
5.17494 1.44743
5.18867 1.44433
5.20239 1.44114
5.2161 1.43787
5.2298 1.43452
5.24349 1.43109
5.25718 1.42759
5.27086 1.424
5.28453 1.42034
5.29818 1.4166
5.31183 1.41279
5.32548 1.4089
5.33911 1.40494
5.35273 1.40091
5.36634 1.3968
5.37994 1.39263
5.39353 1.38839
5.40711 1.38408
5.42068 1.3797
5.43423 1.37525
5.44778 1.37074
5.46131 1.36617
5.47484 1.36153
5.48835 1.35683
5.50184 1.35207
5.51533 1.34725
5.5288 1.34237
5.54226 1.33743
5.55571 1.33244
5.56914 1.3274
5.58257 1.32229
5.59597 1.31714
5.60937 1.31193
5.62275 1.30668
5.63611 1.30137
5.64946 1.29602
5.6628 1.29062
5.67612 1.28517
5.68943 1.27968
5.70272 1.27415
5.716 1.26857
5.72926 1.26296
5.7425 1.2573
5.75573 1.25161
5.76895 1.24587
5.78214 1.24011
5.79533 1.23431
5.80849 1.22847
5.82164 1.2226
5.83477 1.2167
5.84789 1.21078
5.86098 1.20482
5.87406 1.19884
5.88713 1.19283
5.90017 1.18679
5.9132 1.18073
5.92621 1.17465
5.9392 1.16855
5.95217 1.16243
5.96513 1.15629
5.97806 1.15013
5.99098 1.14396
6.00388 1.13777
6.01676 1.13157
6.02962 1.12535
6.04246 1.11913
6.05529 1.11289
6.06809 1.10665
6.08087 1.10039
6.09364 1.09413
6.10638 1.08787
6.11911 1.0816
6.13181 1.07532
6.14449 1.06905
6.15716 1.06277
6.1698 1.0565
6.18242 1.05022
6.19502 1.04395
6.2076 1.03768
6.22016 1.03141
6.2327 1.02515
6.24522 1.0189
6.25772 1.01266
6.27019 1.00642
6.28265 1.00019
6.29508 0.993975
6.30749 0.987771
6.31988 0.981579
6.33225 0.975401
6.34459 0.969238
6.35691 0.96309
6.36922 0.956959
6.38149 0.950845
6.39375 0.94475
6.40599 0.938674
6.4182 0.932619
6.43039 0.926584
6.44256 0.920572
6.4547 0.914582
6.46682 0.908616
6.47892 0.902675
6.491 0.896759
6.50306 0.890869
6.51509 0.885006
6.5271 0.879171
6.53908 0.873365
6.55104 0.867588
6.56298 0.86184
6.5749 0.856124
6.58679 0.850439
6.59866 0.844786
6.61051 0.839166
6.62234 0.833579
6.63414 0.828027
6.64591 0.822509
6.65767 0.817027
6.6694 0.811581
6.68111 0.806172
6.69279 0.8008
6.70445 0.795466
6.71609 0.79017
6.7277 0.784913
6.73929 0.779696
6.75086 0.774519
6.7624 0.769382
6.77393 0.764286
6.78542 0.759232
6.7969 0.75422
6.80835 0.74925
6.81977 0.744323
6.83118 0.73944
6.84256 0.7346
6.85392 0.729804
6.86525 0.725053
6.87656 0.720347
6.88785 0.715686
6.89911 0.711071
6.91036 0.706502
6.92157 0.701979
6.93277 0.697503
6.94394 0.693074
6.95509 0.688692
6.96622 0.684358
6.97732 0.680071
6.98841 0.675833
6.99946 0.671643
7.0105 0.667502
7.02151 0.663409
7.03251 0.659365
7.04347 0.655371
7.05442 0.651426
7.06535 0.647531
7.07625 0.643685
7.08713 0.63989
7.09799 0.636144
7.10883 0.632449
7.11964 0.628804
7.13043 0.62521
7.14121 0.621667
7.15196 0.618174
7.16269 0.614732
7.1734 0.611341
7.18409 0.608001
7.19475 0.604713
7.2054 0.601475
7.21603 0.598289
7.22663 0.595154
7.23722 0.592071
7.24778 0.589039
7.25833 0.586058
7.26886 0.583129
7.27936 0.580251
7.28985 0.577425
7.30032 0.57465
7.31077 0.571927
7.3212 0.569255
7.33161 0.566635
7.34201 0.564066
7.35238 0.561549
7.36274 0.559083
7.37308 0.556669
7.3834 0.554306
7.39371 0.551994
7.404 0.549733
7.41427 0.547524
7.42452 0.545366
7.43476 0.543259
7.44498 0.541203
7.45519 0.539198
7.46538 0.537244
7.47556 0.535341
7.48572 0.533489
7.49587 0.531687
7.506 0.529936
7.51612 0.528236
7.52623 0.526586
7.53632 0.524987
7.5464 0.523438
7.55646 0.521939
7.56651 0.520491
7.57655 0.519092
7.58658 0.517744
7.5966 0.516446
7.60661 0.515197
7.6166 0.513999
7.62659 0.51285
7.63656 0.51175
7.64653 0.510701
7.65648 0.509701
7.66643 0.50875
7.67637 0.507849
7.6863 0.506996
7.69622 0.506194
7.70614 0.50544
7.71604 0.504735
7.72595 0.50408
7.73584 0.503473
7.74573 0.502916
7.75561 0.502407
7.76549 0.501947
7.77536 0.501536
7.78523 0.501174
7.7951 0.50086
7.80496 0.500595
7.81482 0.500379
7.82468 0.500211
7.83453 0.500092
7.84438 0.500021
7.85423 0.499999
7.86408 0.500026
7.87393 0.500101
7.88378 0.500224
7.89363 0.500396
7.90349 0.500616
7.91334 0.500885
7.92319 0.501203
7.93305 0.501569
7.94291 0.501983
7.95277 0.502446
7.96263 0.502958
7.9725 0.503518
7.98237 0.504127
7.99225 0.504784
8.00213 0.50549
8.01202 0.506245
8.02191 0.507049
8.03181 0.507901
8.04172 0.508802
8.05163 0.509752
8.06155 0.510751
8.07148 0.511799
8.08141 0.512896
8.09136 0.514043
8.10131 0.515238
8.11127 0.516482
8.12125 0.517776
8.13123 0.519119
8.14122 0.520512
8.15122 0.521953
8.16124 0.523445
8.17126 0.524986
8.1813 0.526576
8.19135 0.528217
8.20141 0.529907
8.21148 0.531646
8.22157 0.533436
8.23167 0.535275
8.24178 0.537165
8.25191 0.539105
8.26205 0.541094
8.27221 0.543134
8.28238 0.545224
8.29257 0.547364
8.30277 0.549555
8.31298 0.551795
8.32322 0.554086
8.33347 0.556428
8.34373 0.55882
8.35401 0.561262
8.36431 0.563755
8.37463 0.566299
8.38496 0.568892
8.39531 0.571537
8.40567 0.574232
8.41606 0.576977
8.42646 0.579773
8.43689 0.58262
8.44733 0.585517
8.45778 0.588464
8.46826 0.591462
8.47876 0.594511
8.48927 0.59761
8.49981 0.600759
8.51037 0.603958
8.52094 0.607208
8.53153 0.610508
8.54215 0.613857
8.55278 0.617257
8.56344 0.620707
8.57412 0.624207
8.58481 0.627756
8.59553 0.631355
8.60627 0.635004
8.61703 0.638702
8.62781 0.642449
8.63861 0.646245
8.64943 0.65009
8.66028 0.653984
8.67114 0.657926
8.68203 0.661917
8.69294 0.665956
8.70387 0.670043
8.71482 0.674177
8.7258 0.67836
8.7368 0.682589
8.74782 0.686866
8.75886 0.691189
8.76992 0.695559
8.78101 0.699975
8.79212 0.704437
8.80325 0.708945
8.81441 0.713498
8.82559 0.718097
8.83679 0.722739
8.84801 0.727427
8.85925 0.732158
8.87052 0.736933
8.88182 0.741751
8.89313 0.746612
8.90447 0.751515
8.91583 0.75646
8.92721 0.761447
8.93862 0.766475
8.95005 0.771543
8.9615 0.776652
8.97298 0.781801
8.98448 0.786988
8.996 0.792215
9.00755 0.797479
9.01911 0.802782
9.03071 0.808121
9.04232 0.813497
9.05396 0.818908
9.06562 0.824356
9.07731 0.829838
9.08901 0.835354
9.10074 0.840903
9.1125 0.846486
9.12427 0.852101
9.13607 0.857747
9.1479 0.863424
9.15974 0.869132
9.17161 0.874869
9.18351 0.880634
9.19542 0.886428
9.20736 0.892249
9.21932 0.898097
9.2313 0.90397
9.24331 0.909868
9.25534 0.915791
9.26739 0.921737
9.27946 0.927705
9.29156 0.933695
9.30368 0.939706
9.31582 0.945737
9.32799 0.951787
9.34017 0.957856
9.35238 0.963941
9.36461 0.970044
9.37686 0.976161
9.38914 0.982294
9.40144 0.98844
9.41375 0.994598
9.4261 1.00077
9.43846 1.00695
9.45084 1.01314
9.46325 1.01934
9.47567 1.02555
9.48812 1.03176
9.50059 1.03798
9.51308 1.04421
9.52559 1.05043
9.53813 1.05666
9.55068 1.0629
9.56326 1.06913
9.57585 1.07536
9.58847 1.08159
9.6011 1.08782
9.61376 1.09404
9.62644 1.10026
9.63913 1.10647
9.65185 1.11267
9.66459 1.11887
9.67734 1.12505
9.69012 1.13123
9.70292 1.13739
9.71573 1.14354
9.72856 1.14968
9.74142 1.1558
9.75429 1.1619
9.76718 1.16798
9.78009 1.17405
9.79302 1.1801
9.80597 1.18612
9.81893 1.19212
9.83192 1.1981
9.84492 1.20405
9.85794 1.20998
9.87097 1.21587
9.88403 1.22174
9.8971 1.22758
9.91019 1.23339
9.9233 1.23917
9.93642 1.24491
9.94956 1.25061
9.96272 1.25628
9.97589 1.26192
9.98908 1.26751
10.0023 1.27307
10.0155 1.27858
10.0287 1.28405
10.042 1.28948
10.0553 1.29487
10.0685 1.3002
10.0818 1.30549
10.0952 1.31074
10.1085 1.31593
10.1218 1.32107
10.1352 1.32616
10.1486 1.3312
10.1619 1.33619
10.1753 1.34112
10.1888 1.34599
10.2022 1.3508
10.2156 1.35556
10.2291 1.36026
10.2425 1.36489
10.256 1.36947
10.2695 1.37398
10.283 1.37843
10.2965 1.38281
10.3101 1.38712
10.3236 1.39137
10.3371 1.39555
10.3507 1.39966
10.3643 1.40371
10.3779 1.40768
10.3915 1.41157
10.4051 1.4154
10.4187 1.41915
10.4323 1.42282
10.4459 1.42642
10.4596 1.42994
10.4732 1.43339
10.4869 1.43676
10.5006 1.44004
10.5142 1.44325
10.5279 1.44638
10.5416 1.44942
10.5553 1.45238
10.569 1.45526
10.5828 1.45805
10.5965 1.46076
10.6102 1.46338
10.624 1.46592
10.6377 1.46837
10.6515 1.47073
10.6652 1.47301
10.679 1.4752
10.6928 1.47729
10.7066 1.4793
10.7203 1.48122
10.7341 1.48304
10.7479 1.48478
10.7617 1.48642
10.7755 1.48797
10.7893 1.48943
10.8032 1.4908
10.817 1.49207
10.8308 1.49325
10.8446 1.49433
10.8584 1.49532
10.8723 1.49622
10.8861 1.49702
10.8999 1.49773
10.9138 1.49834
10.9276 1.49886
10.9414 1.49928
10.9553 1.4996
10.9691 1.49983
10.983 1.49996
10.9968 1.5
11.0107 1.49994
11.0245 1.49979
11.0383 1.49954
11.0522 1.49919
11.066 1.49875
11.0799 1.49821
11.0937 1.49758
11.1076 1.49685
11.1214 1.49603
11.1352 1.49511
11.1491 1.4941
11.1629 1.493
11.1767 1.49179
11.1906 1.4905
11.2044 1.48911
11.2182 1.48763
11.232 1.48606
11.2458 1.48439
11.2597 1.48263
11.2735 1.48078
11.2873 1.47884
11.3011 1.47681
11.3149 1.47469
11.3287 1.47248
11.3424 1.47018
11.3562 1.46779
11.37 1.46531
11.3838 1.46275
11.3975 1.4601
11.4113 1.45736
11.425 1.45454
11.4388 1.45163
11.4525 1.44864
11.4662 1.44557
11.48 1.44242
11.4937 1.43918
11.5074 1.43586
11.5211 1.43247
11.5348 1.42899
11.5484 1.42544
11.5621 1.42181
11.5758 1.4181
11.5894 1.41432
11.6031 1.41046
11.6167 1.40653
11.6303 1.40252
11.6439 1.39845
11.6576 1.3943
11.6711 1.39009
11.6847 1.3858
11.6983 1.38145
11.7119 1.37703
11.7254 1.37254
11.739 1.368
11.7525 1.36338
11.766 1.35871
11.7795 1.35397
11.793 1.34918
11.8065 1.34432
11.8199 1.33941
11.8334 1.33444
11.8468 1.32941
11.8603 1.32433
11.8737 1.3192
11.8871 1.31401
11.9004 1.30878
11.9138 1.30349
11.9272 1.29816
11.9405 1.29277
11.9538 1.28735
11.9672 1.28187
11.9805 1.27636
11.9937 1.2708
12.007 1.2652
12.0203 1.25956
12.0335 1.25388
12.0467 1.24816
12.0599 1.24241
12.0731 1.23662
12.0863 1.2308
12.0994 1.22494
12.1126 1.21906
12.1257 1.21314
12.1388 1.20719
12.1519 1.20122
12.165 1.19522
12.178 1.1892
12.191 1.18315
12.2041 1.17708
12.2171 1.17098
12.23 1.16487
12.243 1.15874
12.2559 1.15259
12.2689 1.14642
12.2818 1.14024
12.2947 1.13404
12.3075 1.12783
12.3204 1.12161
12.3332 1.11538
12.346 1.10913
12.3588 1.10288
12.3716 1.09663
12.3843 1.09036
12.3971 1.08409
12.4098 1.07782
12.4225 1.07155
12.4351 1.06527
12.4478 1.05899
12.4604 1.05272
12.473 1.04645
12.4856 1.04017
12.4982 1.03391
12.5107 1.02765
12.5233 1.02139
12.5358 1.01514
12.5483 1.0089
12.5607 1.00267
12.5732 0.996449
12.5856 0.99024
12.598 0.984043
12.6104 0.97786
12.6227 0.97169
12.635 0.965536
12.6473 0.959398
12.6596 0.953278
12.6719 0.947175
12.6841 0.941091
12.6964 0.935028
12.7086 0.928985
12.7207 0.922963
12.7329 0.916965
12.745 0.910989
12.7571 0.905038
12.7692 0.899112
12.7813 0.893211
12.7933 0.887338
12.8053 0.881492
12.8173 0.875674
12.8293 0.869885
12.8413 0.864125
12.8532 0.858396
12.8651 0.852699
12.877 0.847033
12.8888 0.8414
12.9007 0.8358
12.9125 0.830234
12.9243 0.824702
12.936 0.819206
12.9478 0.813746
12.9595 0.808322
12.9712 0.802935
12.9828 0.797585
12.9945 0.792274
13.0061 0.787002
13.0177 0.781769
13.0293 0.776575
13.0408 0.771422
13.0524 0.76631
13.0639 0.76124
13.0754 0.756211
13.0868 0.751224
13.0983 0.74628
13.1097 0.741379
13.1211 0.736522
13.1324 0.731709
13.1438 0.72694
13.1551 0.722216
13.1664 0.717537
13.1777 0.712904
13.1889 0.708316
13.2001 0.703775
13.2113 0.69928
13.2225 0.694832
13.2337 0.690431
13.2448 0.686078
13.2559 0.681773
13.267 0.677515
13.2781 0.673306
13.2891 0.669145
13.3002 0.665033
13.3112 0.660969
13.3221 0.656955
13.3331 0.652991
13.344 0.649076
13.3549 0.64521
13.3658 0.641395
13.3767 0.637629
13.3875 0.633914
13.3984 0.630249
13.4092 0.626635
13.4199 0.623071
13.4307 0.619558
13.4414 0.616096
13.4522 0.612685
13.4629 0.609325
13.4735 0.606016
13.4842 0.602758
13.4948 0.599551
13.5054 0.596396
13.516 0.593292
13.5266 0.590239
13.5372 0.587238
13.5477 0.584289
13.5582 0.58139
13.5687 0.578544
13.5792 0.575748
13.5896 0.573005
13.6001 0.570313
13.6105 0.567672
13.6209 0.565083
13.6313 0.562545
13.6416 0.560059
13.652 0.557624
13.6623 0.55524
13.6726 0.552908
13.6829 0.550627
13.6932 0.548397
13.7035 0.546219
13.7137 0.544091
13.7239 0.542015
13.7342 0.53999
13.7444 0.538016
13.7545 0.536092
13.7647 0.53422
13.7749 0.532398
13.785 0.530627
13.7951 0.528907
13.8052 0.527237
13.8153 0.525617
13.8254 0.524048
13.8355 0.52253
13.8455 0.521061
13.8556 0.519643
13.8656 0.518274
13.8756 0.516956
13.8857 0.515688
13.8957 0.514469
13.9056 0.513301
13.9156 0.512182
13.9256 0.511112
13.9355 0.510092
13.9455 0.509122
13.9554 0.508201
13.9654 0.507329
13.9753 0.506507
13.9852 0.505734
13.9951 0.50501
14.005 0.504335
14.0149 0.503708
14.0248 0.503131
14.0347 0.502603
14.0446 0.502124
14.0545 0.501693
14.0643 0.501312
14.0742 0.500979
14.0841 0.500694
14.0939 0.500458
14.1038 0.500271
14.1136 0.500133
14.1235 0.500043
14.1333 0.500001
14.1432 0.500009
14.153 0.500064
14.1629 0.500168
14.1727 0.500321
14.1826 0.500522
14.1924 0.500772
14.2023 0.50107
14.2121 0.501416
14.222 0.501811
14.2319 0.502255
14.2417 0.502747
14.2516 0.503288
14.2615 0.503878
14.2713 0.504516
14.2812 0.505202
14.2911 0.505938
14.301 0.506722
14.3109 0.507555
14.3208 0.508437
14.3307 0.509367
14.3406 0.510347
14.3505 0.511375
14.3605 0.512453
14.3704 0.513579
14.3804 0.514755
14.3903 0.51598
14.4003 0.517254
14.4103 0.518577
14.4203 0.51995
14.4303 0.521372
14.4403 0.522844
14.4503 0.524365
14.4603 0.525936
14.4704 0.527556
14.4804 0.529227
14.4905 0.530946
14.5006 0.532716
14.5107 0.534536
14.5208 0.536405
14.5309 0.538325
14.541 0.540295
14.5512 0.542315
14.5614 0.544385
14.5715 0.546505
14.5817 0.548675
14.5919 0.550896
14.6022 0.553167
14.6124 0.555488
14.6227 0.55786
14.6329 0.560282
14.6432 0.562755
14.6535 0.565278
14.6639 0.567852
14.6742 0.570477
14.6846 0.573151
14.6949 0.575877
14.7053 0.578653
14.7158 0.581479
14.7262 0.584356
14.7366 0.587283
14.7471 0.590261
14.7576 0.593289
14.7681 0.596368
14.7786 0.599497
14.7892 0.602677
14.7998 0.605906
14.8103 0.609186
14.8209 0.612516
14.8316 0.615896
14.8422 0.619326
14.8529 0.622806
14.8636 0.626335
14.8743 0.629915
14.885 0.633544
14.8958 0.637222
14.9065 0.640949
14.9173 0.644726
14.9281 0.648551
14.939 0.652426
14.9498 0.656349
14.9607 0.66032
14.9716 0.66434
14.9825 0.668408
14.9935 0.672524
15.0045 0.676687
15.0154 0.680898
15.0265 0.685156
15.0375 0.68946
15.0485 0.693812
15.0596 0.69821
15.0707 0.702653
15.0818 0.707143
15.093 0.711678
15.1042 0.716258
15.1153 0.720884
15.1266 0.725553
15.1378 0.730267
15.1491 0.735024
15.1603 0.739825
15.1716 0.744669
15.183 0.749555
15.1943 0.754484
15.2057 0.759454
15.2171 0.764466
15.2285 0.769518
15.24 0.774611
15.2514 0.779744
15.2629 0.784916
15.2744 0.790127
15.286 0.795376
15.2975 0.800664
15.3091 0.805988
15.3207 0.81135
15.3323 0.816747
15.344 0.82218
15.3557 0.827649
15.3674 0.833151
15.3791 0.838687
15.3908 0.844257
15.4026 0.849859
15.4144 0.855493
15.4262 0.861158
15.438 0.866853
15.4499 0.872579
15.4618 0.878333
15.4737 0.884116
15.4856 0.889926
15.4976 0.895763
15.5096 0.901626
15.5216 0.907514
15.5336 0.913427
15.5456 0.919364
15.5577 0.925324
15.5698 0.931305
15.5819 0.937308
15.594 0.943331
15.6062 0.949374
15.6183 0.955435
15.6305 0.961514
15.6428 0.96761
15.655 0.973721
15.6673 0.979848
15.6796 0.985989
15.6919 0.992142
15.7042 0.998308
15.7166 1.00449
15.7289 1.01067
15.7413 1.01687
15.7537 1.02307
15.7662 1.02928
15.7786 1.0355
15.7911 1.04172
15.8036 1.04795
15.8162 1.05418
15.8287 1.06041
15.8413 1.06664
15.8539 1.07288
15.8665 1.07911
15.8791 1.08534
15.8917 1.09156
15.9044 1.09778
15.9171 1.10399
15.9298 1.1102
15.9425 1.1164
15.9553 1.12259
15.9681 1.12877
15.9808 1.13494
15.9936 1.14109
16.0065 1.14723
16.0193 1.15336
16.0322 1.15947
16.0451 1.16556
16.058 1.17164
16.0709 1.17769
16.0838 1.18372
16.0968 1.18973
16.1098 1.19572
16.1228 1.20168
16.1358 1.20762
16.1488 1.21353
16.1619 1.21941
16.1749 1.22526
16.188 1.23108
16.2011 1.23687
16.2142 1.24262
16.2274 1.24834
16.2405 1.25403
16.2537 1.25968
16.2669 1.26529
16.28 1.27086
16.2933 1.27639
16.3065 1.28188
16.3197 1.28732
16.333 1.29273
16.3463 1.29808
16.3596 1.30339
16.3729 1.30865
16.3862 1.31387
16.3995 1.31903
16.4129 1.32414
16.4263 1.3292
16.4396 1.33421
16.453 1.33916
16.4664 1.34405
16.4799 1.34889
16.4933 1.35367
16.5067 1.35839
16.5202 1.36305
16.5337 1.36765
16.5472 1.37219
16.5607 1.37666
16.5742 1.38107
16.5877 1.38541
16.6012 1.38969
16.6148 1.3939
16.6283 1.39804
16.6419 1.4021
16.6555 1.4061
16.6691 1.41003
16.6827 1.41388
16.6963 1.41766
16.7099 1.42137
16.7235 1.425
16.7372 1.42855
16.7508 1.43203
16.7645 1.43542
16.7781 1.43874
16.7918 1.44198
16.8055 1.44514
16.8192 1.44822
16.8329 1.45121
16.8466 1.45412
16.8603 1.45695
16.8741 1.45969
16.8878 1.46235
16.9015 1.46492
16.9153 1.46741
16.929 1.4698
16.9428 1.47211
16.9565 1.47434
16.9703 1.47647
16.9841 1.47851
16.9979 1.48046
17.0117 1.48233
17.0255 1.4841
17.0393 1.48578
17.0531 1.48737
17.0669 1.48886
17.0807 1.49027
17.0945 1.49158
17.1083 1.49279
17.1221 1.49391
17.136 1.49494
17.1498 1.49588
17.1636 1.49671
17.1774 1.49746
17.1913 1.49811
17.2051 1.49866
17.219 1.49912
17.2328 1.49948
17.2466 1.49975
17.2605 1.49992
17.2743 1.5
17.2882 1.49998
17.302 1.49986
17.3159 1.49965
17.3297 1.49934
17.3435 1.49894
17.3574 1.49844
17.3712 1.49785
17.3851 1.49716
17.3989 1.49637
17.4127 1.49549
17.4266 1.49452
17.4404 1.49345
17.4542 1.49229
17.4681 1.49103
17.4819 1.48968
17.4957 1.48823
17.5095 1.4867
17.5234 1.48507
17.5372 1.48334
17.551 1.48153
17.5648 1.47963
17.5786 1.47763
17.5924 1.47554
17.6062 1.47337
17.62 1.4711
17.6338 1.46875
17.6475 1.46631
17.6613 1.46378
17.6751 1.46116
17.6888 1.45846
17.7026 1.45568
17.7163 1.4528
17.7301 1.44985
17.7438 1.44681
17.7575 1.44369
17.7712 1.44048
17.7849 1.4372
17.7986 1.43383
17.8123 1.43039
17.826 1.42686
17.8397 1.42326
17.8534 1.41959
17.867 1.41583
17.8807 1.41201
17.8943 1.4081
17.9079 1.40413
17.9216 1.40008
17.9352 1.39596
17.9488 1.39178
17.9623 1.38752
17.9759 1.38319
17.9895 1.3788
18.003 1.37434
18.0166 1.36982
18.0301 1.36523
18.0436 1.36058
18.0571 1.35587
18.0706 1.3511
18.0841 1.34626
18.0976 1.34137
18.1111 1.33643
18.1245 1.33142
18.1379 1.32636
18.1513 1.32125
18.1648 1.31609
18.1781 1.31087
18.1915 1.30561
18.2049 1.30029
18.2182 1.29493
18.2316 1.28952
18.2449 1.28406
18.2582 1.27856
18.2715 1.27302
18.2847 1.26744
18.298 1.26181
18.3112 1.25615
18.3245 1.25045
18.3377 1.24471
18.3509 1.23893
18.3641 1.23312
18.3772 1.22728
18.3904 1.22141
18.4035 1.2155
18.4166 1.20957
18.4297 1.20361
18.4428 1.19762
18.4558 1.1916
18.4689 1.18556
18.4819 1.1795
18.4949 1.17342
18.5079 1.16731
18.5209 1.16119
18.5338 1.15504
18.5467 1.14888
18.5597 1.14271
18.5726 1.13651
18.5854 1.13031
18.5983 1.12409
18.6111 1.11786
18.6239 1.11162
18.6367 1.10538
18.6495 1.09912
18.6623 1.09286
18.675 1.08659
18.6877 1.08032
18.7004 1.07405
18.7131 1.06777
18.7258 1.0615
18.7384 1.05522
18.751 1.04895
18.7636 1.04267
18.7762 1.03641
18.7888 1.03014
18.8013 1.02388
18.8138 1.01763
18.8263 1.01139
18.8388 1.00515
18.8512 0.998929
18.8637 0.992715
18.8761 0.986513
18.8884 0.980324
18.9008 0.974149
18.9132 0.967988
18.9255 0.961844
18.9378 0.955716
18.95 0.949606
18.9623 0.943515
18.9745 0.937443
18.9867 0.931392
18.9989 0.925362
19.0111 0.919354
19.0232 0.913369
19.0353 0.907408
19.0474 0.901472
19.0595 0.895561
19.0716 0.889677
19.0836 0.883819
19.0956 0.87799
19.1076 0.872189
19.1195 0.866418
19.1315 0.860677
19.1434 0.854967
19.1553 0.849288
19.1671 0.843642
19.179 0.838029
19.1908 0.832449
19.2026 0.826904
19.2144 0.821393
19.2261 0.815918
19.2378 0.81048
19.2495 0.805078
19.2612 0.799714
19.2729 0.794387
19.2845 0.789099
19.2961 0.78385
19.3077 0.778641
19.3193 0.773472
19.3308 0.768344
19.3423 0.763256
19.3538 0.758211
19.3653 0.753207
19.3767 0.748246
19.3881 0.743328
19.3995 0.738453
19.4109 0.733622
19.4223 0.728836
19.4336 0.724094
19.4449 0.719397
19.4562 0.714745
19.4675 0.71014
19.4787 0.70558
19.4899 0.701066
19.5011 0.6966
19.5123 0.69218
19.5234 0.687808
19.5345 0.683483
19.5456 0.679207
19.5567 0.674978
19.5678 0.670798
19.5788 0.666666
19.5898 0.662583
19.6008 0.65855
19.6118 0.654565
19.6227 0.650631
19.6336 0.646745
19.6445 0.64291
19.6554 0.639124
19.6662 0.635389
19.6771 0.631704
19.6879 0.62807
19.6987 0.624486
19.7094 0.620953
19.7202 0.61747
19.7309 0.614039
19.7416 0.610658
19.7523 0.607329
19.763 0.604051
19.7736 0.600823
19.7842 0.597648
19.7948 0.594523
19.8054 0.59145
19.816 0.588428
19.8265 0.585458
19.837 0.58254
19.8475 0.579672
19.858 0.576857
19.8685 0.574092
19.8789 0.57138
19.8894 0.568718
19.8998 0.566108
19.9102 0.56355
19.9205 0.561043
19.9309 0.558588
19.9412 0.556184
19.9516 0.553831
19.9619 0.55153
19.9721 0.54928
19.9824 0.547081
19.9927 0.544933
20.0029 0.542836
20.0131 0.540791
20.0233 0.538796
20.0335 0.536853
20.0437 0.53496
20.0538 0.533118
20.064 0.531327
20.0741 0.529586
20.0842 0.527896
20.0943 0.526256
20.1044 0.524667
20.1145 0.523129
20.1246 0.52164
20.1346 0.520202
20.1446 0.518813
20.1547 0.517475
20.1647 0.516187
20.1747 0.514949
20.1847 0.51376
20.1947 0.512621
20.2046 0.511532
20.2146 0.510493
20.2246 0.509502
20.2345 0.508562
20.2444 0.50767
20.2544 0.506828
20.2643 0.506035
20.2742 0.505292
20.2841 0.504597
20.294 0.503952
20.3039 0.503355
20.3138 0.502807
20.3237 0.502309
20.3336 0.501859
20.3434 0.501457
20.3533 0.501105
20.3632 0.500801
20.373 0.500546
20.3829 0.500339
20.3927 0.500182
20.4026 0.500072
20.4124 0.500011
20.4223 0.499999
20.4321 0.500035
20.442 0.50012
20.4518 0.500253
20.4617 0.500435
20.4715 0.500665
20.4814 0.500944
20.4912 0.501272
20.5011 0.501647
20.511 0.502072
20.5208 0.502544
20.5307 0.503066
20.5406 0.503636
20.5504 0.504255
20.5603 0.504922
20.5702 0.505638
20.5801 0.506403
20.59 0.507216
20.5999 0.508078
20.6098 0.508989
20.6197 0.509949
20.6296 0.510958
20.6395 0.512016
20.6495 0.513123
20.6594 0.514279
20.6694 0.515485
20.6794 0.516739
20.6893 0.518043
20.6993 0.519396
20.7093 0.520798
20.7193 0.52225
20.7293 0.523752
20.7394 0.525303
20.7494 0.526903
20.7594 0.528554
20.7695 0.530254
20.7796 0.532004
20.7897 0.533803
20.7998 0.535653
20.8099 0.537553
20.82 0.539502
20.8302 0.541502
20.8403 0.543552
20.8505 0.545652
20.8607 0.547803
20.8709 0.550003
20.8811 0.552254
20.8914 0.554556
20.9016 0.556907
20.9119 0.559309
20.9222 0.561762
20.9325 0.564265
20.9428 0.566819
20.9531 0.569423
20.9635 0.572078
20.9738 0.574783
20.9842 0.577538
20.9946 0.580345
21.0051 0.583201
21.0155 0.586109
21.026 0.589066
21.0364 0.592075
21.0469 0.595133
21.0575 0.598242
21.068 0.601401
21.0786 0.604611
21.0891 0.607871
21.0997 0.611181
21.1104 0.614541
21.121 0.617951
21.1317 0.621411
21.1423 0.624921
21.153 0.62848
21.1638 0.632089
21.1745 0.635748
21.1853 0.639456
21.1961 0.643213
21.2069 0.647019
21.2177 0.650874
21.2285 0.654777
21.2394 0.658729
21.2503 0.66273
21.2612 0.666779
21.2721 0.670875
21.2831 0.67502
21.2941 0.679211
21.3051 0.683451
21.3161 0.687737
21.3272 0.69207
21.3382 0.696449
21.3493 0.700874
21.3604 0.705346
21.3716 0.709863
21.3827 0.714425
21.3939 0.719032
21.4051 0.723684
21.4163 0.72838
21.4276 0.73312
21.4389 0.737904
21.4502 0.742731
21.4615 0.7476
21.4728 0.752512
21.4842 0.757466
21.4956 0.762461
21.507 0.767497
21.5184 0.772574
21.5299 0.777691
21.5414 0.782847
21.5529 0.788043
21.5644 0.793277
21.5759 0.798549
21.5875 0.803859
21.5991 0.809206
21.6107 0.814589
21.6224 0.820008
21.634 0.825462
21.6457 0.830951
21.6574 0.836474
21.6692 0.84203
21.6809 0.84762
21.6927 0.853241
21.7045 0.858893
21.7164 0.864577
21.7282 0.87029
21.7401 0.876033
21.752 0.881805
21.7639 0.887604
21.7758 0.89343
21.7878 0.899283
21.7998 0.905162
21.8118 0.911065
21.8238 0.916992
21.8359 0.922943
21.848 0.928916
21.8601 0.93491
21.8722 0.940925
21.8843 0.94696
21.8965 0.953014
21.9087 0.959086
21.9209 0.965175
21.9331 0.971281
21.9454 0.977401
21.9577 0.983537
21.97 0.989685
21.9823 0.995846
21.9947 1.00202
22.007 1.0082
22.0194 1.01439
22.0318 1.0206
22.0442 1.0268
22.0567 1.03302
22.0692 1.03924
22.0817 1.04547
22.0942 1.05169
22.1067 1.05793
22.1193 1.06416
22.1319 1.07039
22.1445 1.07662
22.1571 1.08285
22.1697 1.08908
22.1824 1.0953
22.1951 1.10152
22.2078 1.10773
22.2205 1.11393
22.2332 1.12012
22.246 1.12631
22.2588 1.13248
22.2716 1.13864
22.2844 1.14478
22.2972 1.15092
22.3101 1.15703
22.323 1.16313
22.3359 1.16921
22.3488 1.17528
22.3617 1.18132
22.3746 1.18734
22.3876 1.19333
22.4006 1.1993
22.4136 1.20525
22.4266 1.21117
22.4397 1.21706
22.4527 1.22293
22.4658 1.22876
22.4789 1.23456
22.492 1.24033
22.5051 1.24607
22.5183 1.25177
22.5314 1.25743
22.5446 1.26305
22.5578 1.26864
22.571 1.27419
22.5842 1.27969
22.5975 1.28516
22.6107 1.29058
22.624 1.29595
22.6373 1.30128
22.6506 1.30656
22.6639 1.31179
22.6772 1.31698
22.6906 1.32211
22.704 1.32719
22.7173 1.33222
22.7307 1.33719
22.7441 1.34211
22.7575 1.34697
22.771 1.35177
22.7844 1.35652
22.7979 1.3612
22.8113 1.36583
22.8248 1.37039
22.8383 1.37489
22.8518 1.37932
22.8653 1.38369
22.8789 1.38799
22.8924 1.39223
22.9059 1.39639
22.9195 1.40049
22.9331 1.40452
22.9467 1.40847
22.9603 1.41235
22.9739 1.41616
22.9875 1.4199
23.0011 1.42356
23.0148 1.42714
23.0284 1.43065
23.0421 1.43408
23.0557 1.43743
23.0694 1.4407
23.0831 1.44389
23.0968 1.447
23.1105 1.45003
23.1242 1.45297
23.1379 1.45583
23.1516 1.45861
23.1653 1.4613
23.1791 1.46391
23.1928 1.46643
23.2066 1.46886
23.2203 1.4712
23.2341 1.47346
23.2479 1.47563
23.2616 1.47771
23.2754 1.4797
23.2892 1.4816
23.303 1.4834
23.3168 1.48512
23.3306 1.48674
23.3444 1.48828
23.3582 1.48972
23.372 1.49106
23.3858 1.49232
23.3996 1.49348
23.4135 1.49454
23.4273 1.49551
23.4411 1.49639
23.4549 1.49717
23.4688 1.49786
23.4826 1.49845
23.4965 1.49895
23.5103 1.49935
23.5241 1.49966
23.538 1.49987
23.5518 1.49998
23.5657 1.5
23.5795 1.49992
23.5934 1.49975
23.6072 1.49948
23.621 1.49911
23.6349 1.49865
23.6487 1.4981
23.6626 1.49744
23.6764 1.4967
23.6902 1.49586
23.7041 1.49492
23.7179 1.49389
23.7318 1.49276
23.7456 1.49154
23.7594 1.49023
23.7732 1.48882
23.7871 1.48732
23.8009 1.48573
23.8147 1.48404
23.8285 1.48227
23.8423 1.4804
23.8561 1.47844
23.8699 1.47639
23.8837 1.47425
23.8975 1.47202
23.9113 1.4697
23.9251 1.4673
23.9388 1.4648
23.9526 1.46222
23.9664 1.45955
23.9801 1.4568
23.9939 1.45396
24.0076 1.45104
24.0213 1.44803
24.0351 1.44494
24.0488 1.44177
24.0625 1.43852
24.0762 1.43519
24.0899 1.43177
24.1036 1.42828
24.1173 1.42471
24.1309 1.42106
24.1446 1.41734
24.1582 1.41354
24.1719 1.40967
24.1855 1.40572
24.1991 1.40171
24.2128 1.39762
24.2264 1.39346
24.24 1.38923
24.2535 1.38493
24.2671 1.38056
24.2807 1.37613
24.2942 1.37163
24.3077 1.36707
24.3213 1.36244
24.3348 1.35776
24.3483 1.35301
24.3618 1.3482
24.3752 1.34333
24.3887 1.33841
24.4022 1.33343
24.4156 1.32839
24.429 1.3233
24.4424 1.31816
24.4558 1.31296
24.4692 1.30771
24.4826 1.30242
24.4959 1.29707
24.5093 1.29168
24.5226 1.28625
24.5359 1.28076
24.5492 1.27524
24.5625 1.26967
24.5757 1.26406
24.589 1.25841
24.6022 1.25273
24.6154 1.247
24.6286 1.24124
24.6418 1.23545
24.655 1.22962
24.6681 1.22376
24.6813 1.21786
24.6944 1.21194
24.7075 1.20599
24.7206 1.20001
24.7337 1.19401
24.7467 1.18798
24.7597 1.18192
24.7727 1.17585
24.7857 1.16975
24.7987 1.16363
24.8117 1.1575
24.8246 1.15134
24.8375 1.14517
24.8504 1.13899
24.8633 1.13279
24.8762 1.12658
24.889 1.12035
24.9019 1.11412
24.9147 1.10787
24.9275 1.10162
24.9402 1.09536
24.953 1.0891
24.9657 1.08283
24.9784 1.07656
24.9911 1.07028
25 1.06587


#Precession
0 1
0.0712872 0.96461
0.139994 0.93112
0.206663 0.899325
0.271637 0.869116
0.335143 0.840432
0.397333 0.813242
0.458322 0.787529
0.518195 0.763279
0.577026 0.740483
0.634877 0.719127
0.691805 0.6992
0.747864 0.680685
0.803106 0.663565
0.857581 0.64782
0.911336 0.63343
0.964421 0.620374
1.01688 0.608629
1.06877 0.598174
1.12013 0.588985
1.17101 0.581043
1.22146 0.574325
1.27153 0.568813
1.32126 0.564489
1.37071 0.561336
1.41993 0.559341
1.46896 0.55849
1.51787 0.558774
1.56669 0.560186
1.61549 0.562719
1.66431 0.566372
1.7132 0.571143
1.76221 0.577033
1.81139 0.584046
1.86079 0.592186
1.91044 0.601459
1.96041 0.611872
2.01072 0.623431
2.06142 0.636144
2.11255 0.650019
2.16416 0.665062
2.21627 0.68128
2.26894 0.698676
2.32219 0.717255
2.37607 0.737018
2.43062 0.757963
2.48586 0.780087
2.54185 0.803381
2.59861 0.827836
2.65619 0.853435
2.71463 0.880158
2.77395 0.907977
2.8342 0.93686
2.89542 0.966765
2.95762 0.997643
3.02085 1.02943
3.08513 1.06206
3.15048 1.09545
3.2169 1.1295
3.28442 1.1641
3.35302 1.19912
3.42268 1.23441
3.49339 1.26983
3.56509 1.30519
3.63773 1.3403
3.71124 1.37498
3.78555 1.409
3.86055 1.44216
3.93614 1.47426
4.01223 1.50507
4.0887 1.53442
4.16546 1.56212
4.2424 1.588
4.31944 1.61191
4.39651 1.63375
4.47353 1.65339
4.55046 1.67076
4.62726 1.68578
4.7039 1.69841
4.78038 1.70861
4.85669 1.71635
4.93284 1.72163
5.00884 1.72444
5.0847 1.72478
5.16046 1.72266
5.23613 1.7181
5.31175 1.71113
5.38735 1.70176
5.46295 1.69003
5.53857 1.67599
5.61425 1.65967
5.69001 1.64113
5.76585 1.62043
5.84179 1.59763
5.91783 1.57283
5.99396 1.54611
6.07015 1.51759
6.14639 1.48737
6.22262 1.45561
6.29879 1.42246
6.37483 1.38809
6.45065 1.3527
6.52617 1.31647
6.60129 1.27962
6.67589 1.24238
6.74987 1.20497
6.82312 1.1676
6.89555 1.13048
6.96707 1.09382
7.0376 1.05779
7.10707 1.02257
7.17545 0.988282
7.24271 0.955063
7.30882 0.923009
7.37378 0.892202
7.4376 0.862706
7.50031 0.834567
7.56192 0.80782
7.62247 0.782486
7.682 0.758577
7.74054 0.736095
7.79815 0.715039
7.85487 0.6954
7.91074 0.677165
7.96581 0.660317
8.02012 0.64484
8.07373 0.630712
8.12668 0.617913
8.17902 0.60642
8.23079 0.596212
8.28205 0.587267
8.33283 0.579563
8.3832 0.57308
8.43319 0.567799
8.48286 0.563702
8.53225 0.560774
8.58142 0.559
8.63042 0.558368
8.6793 0.55887
8.72811 0.560498
8.7769 0.563247
8.82572 0.567115
8.87462 0.572101
8.92365 0.578206
8.97287 0.585435
9.0223 0.593792
9.07201 0.603283
9.12202 0.613914
9.1724 0.625694
9.22317 0.638629
9.27439 0.652727
9.32608 0.667994
9.37829 0.684437
9.43106 0.702059
9.48442 0.720864
9.53842 0.740853
9.59309 0.762023
9.64847 0.784371
9.70459 0.807888
9.7615 0.832562
9.81923 0.858378
9.87783 0.885312
9.93732 0.913337
9.99774 0.942419
10.0591 0.972514
10.1215 1.00357
10.1849 1.03553
10.2494 1.06831
10.315 1.10183
10.3816 1.136
10.4493 1.17069
10.5181 1.20577
10.588 1.2411
10.6588 1.27653
10.7307 1.31186
10.8035 1.34691
10.8772 1.38148
10.9516 1.41536
11.0267 1.44834
11.1024 1.48021
11.1786 1.51077
11.2551 1.53982
11.3319 1.56719
11.4089 1.59271
11.4859 1.61625
11.563 1.63768
11.64 1.6569
11.7169 1.67384
11.7936 1.68842
11.8702 1.7006
11.9467 1.71034
12.023 1.71762
12.0991 1.72244
12.175 1.72478
12.2509 1.72466
12.3266 1.72209
12.4023 1.71708
12.4779 1.70965
12.5535 1.69985
12.6291 1.68768
12.7047 1.67321
12.7804 1.65647
12.8561 1.63752
12.932 1.61643
13.0079 1.59325
13.084 1.56808
13.1601 1.54102
13.2363 1.51217
13.3126 1.48165
13.3888 1.44962
13.4649 1.41623
13.5409 1.38165
13.6167 1.34608
13.6921 1.30972
13.7672 1.27278
13.8417 1.23549
13.9155 1.19806
13.9886 1.16072
14.0609 1.12367
14.1322 1.08711
14.2025 1.05122
14.2718 1.01615
14.34 0.982057
14.407 0.949043
14.4729 0.917212
14.5376 0.88664
14.6012 0.857389
14.6637 0.829503
14.7251 0.803013
14.7855 0.777938
14.8448 0.75429
14.9032 0.73207
14.9606 0.711273
15.0172 0.691891
15.0729 0.67391
15.1278 0.657314
15.182 0.642084
15.2355 0.6282
15.2883 0.615641
15.3405 0.604384
15.3922 0.594407
15.4434 0.585689
15.4941 0.578209
15.5443 0.571945
15.5943 0.566881
15.6439 0.562997
15.6932 0.560279
15.7423 0.558713
15.7913 0.558287
15.8402 0.558993
15.889 0.560824
15.9377 0.563775
15.9866 0.567845
16.0355 0.573033
16.0845 0.57934
16.1338 0.586772
16.1832 0.595333
16.233 0.605028
16.2831 0.615866
16.3335 0.627852
16.3844 0.640996
16.4356 0.655303
16.4874 0.670781
16.5397 0.687435
16.5926 0.705269
16.6461 0.724287
16.7002 0.744487
16.7549 0.765869
16.8104 0.788427
16.8667 0.812152
16.9237 0.837033
16.9816 0.86305
17.0404 0.890182
17.1 0.918399
17.1606 0.947666
17.2222 0.977937
17.2847 1.00916
17.3483 1.04127
17.413 1.07419
17.4787 1.10784
17.5455 1.14211
17.6134 1.17688
17.6824 1.21202
17.7524 1.24739
17.8235 1.28281
17.8955 1.3181
17.9685 1.35309
18.0423 1.38755
18.1168 1.42129
18.1921 1.45409
18.2678 1.48575
18.3441 1.51606
18.4206 1.54483
18.4975 1.57189
18.5744 1.59707
18.6515 1.62025
18.7285 1.6413
18.8055 1.66013
18.8824 1.67666
18.9591 1.69082
19.0357 1.70257
19.1121 1.71189
19.1883 1.71874
19.2644 1.72313
19.3404 1.72504
19.4162 1.72449
19.4919 1.72149
19.5675 1.71605
19.6431 1.70821
19.7187 1.69798
19.7943 1.68541
19.8699 1.67054
19.9456 1.65341
20.0214 1.63408
20.0973 1.61262
20.1732 1.58909
20.2493 1.56358
20.3254 1.53619
20.4016 1.50704
20.4779 1.47625
20.5541 1.44397
20.6302 1.41035
20.7061 1.37559
20.7819 1.33986
20.8572 1.30338
20.9322 1.26636
21.0065 1.22903
21.0803 1.1916
21.1532 1.15429
21.2253 1.11731
21.2965 1.08085
21.3666 1.04509
21.4357 1.01018
21.5037 0.976258
21.5705 0.94344
21.6362 0.911819
21.7007 0.88147
21.7641 0.85245
21.8264 0.8248
21.8876 0.798551
21.9478 0.77372
22.007 0.750316
22.0652 0.72834
22.1224 0.707786
22.1788 0.688644
22.2344 0.670901
22.2892 0.65454
22.3432 0.639541
22.3966 0.625885
22.4493 0.613549
22.5014 0.602511
22.553 0.59275
22.6041 0.584245
22.6547 0.576973
22.7049 0.570914
22.7547 0.566051
22.8043 0.562367
22.8536 0.559845
22.9027 0.558473
22.9516 0.558239
23.0005 0.559136
23.0492 0.561156
23.098 0.564297
23.1468 0.568555
23.1958 0.573931
23.2448 0.580428
23.2941 0.58805
23.3436 0.596801
23.3934 0.606688
23.4435 0.617718
23.494 0.629899
23.5449 0.643237
23.5963 0.65774
23.6482 0.673415
23.7006 0.690267
23.7535 0.7083
23.8071 0.727515
23.8613 0.747914
23.9162 0.769493
23.9718 0.792248
24.0282 0.816167
24.0854 0.841239
24.1434 0.867445
24.2022 0.894761
24.262 0.923157
24.3228 0.952595
24.3845 0.98303
24.4472 1.01441
24.511 1.04666
24.5758 1.07971
24.6417 1.11347
24.7087 1.14783
24.7768 1.18268
24.8459 1.21787
24.9161 1.25325
24.9873 1.28867
25 1.2949


